    0.0094    2.6722
    0.2391    2.0101
    0.3057    2.0008
    0.3524    1.8691
    0.4541    2.0877
    0.5560    1.5966
    0.5758    1.4953
    0.7677    1.7202
    0.8002    1.4170
    0.8916    1.5328
    0.9374    1.2885
    0.9676    1.4269
    0.9763    0.6416
    0.9895    1.4577
    1.0207    1.8053
    1.1413    1.4597
    1.1446    1.4212
    1.2862    0.9679
    1.4773    0.9059
    1.5027    0.9005
    1.6191    0.7584
    1.6807    0.4525
    1.6888    0.5767
    1.8040    0.5312
    1.8722    0.3936
    1.9028    0.7308
    1.9044    1.1955
    1.9746    0.0847
    2.0107    0.4554
    2.1268   -0.0583
    2.1459    0.6801
    2.1755    0.6890
    2.2155   -0.1797
    2.2308    0.7976
    2.4108   -0.1479
    2.4142    0.2091
    2.4533    0.4240
    2.4997    0.1355
    2.5567    0.6905
    2.6373    0.7700
    2.6569    0.0432
    2.7000   -0.5403
    2.7855   -0.1630
    2.9963   -0.3977
    3.0106   -0.3814
    3.1620   -0.5466
    3.1879   -0.2270
    3.1968    0.3249
    3.2061   -0.4518
    3.3155   -0.3754
    3.4033   -0.0113
    3.4148   -0.0027
    3.4565   -0.2164
    3.4652   -0.0714
    3.5398   -0.1388
    3.5470   -0.4841
    3.5975   -0.2781
    3.6989   -0.5079
    3.7076   -0.6749
    3.7523   -0.2673
    3.7610   -0.4251
    3.7693   -0.4971
    3.8268   -0.3814
    3.8883   -0.2065
    3.9362   -0.3811
    4.1012   -0.4722
    4.3648   -0.4972
    4.3701   -0.5607
    4.4412   -0.7977
    4.7186   -0.4049
    4.7660   -0.2393
    4.8649   -0.7803
    4.8653   -0.1062
    5.0736   -0.6969
    5.1813   -0.7208
    5.3196   -0.9049
    5.3989   -0.8780
    5.4235   -0.9224
    5.5326   -0.5659
    5.7253   -0.2251
    5.7334   -0.5179
    5.8962   -0.4256
    5.9549   -0.2905
    5.9554   -1.3425
    5.9929   -0.7028
    6.0453   -0.5585
    6.2588   -0.4500
    6.2618   -1.0036
    6.4661   -0.9109
    6.4734   -0.4184
    6.5234   -0.6639
    6.5847   -0.4766
    6.7931   -0.8769
    7.0413   -1.0423
    7.0822   -0.3831
    7.1047   -0.2629
    7.1422   -0.1396
    7.1746   -1.0035
    7.2824   -0.9408
    7.3252   -0.9746
    7.4614   -0.5704
    7.5065   -0.7235
    7.6376   -0.1831
    7.7386   -0.9321
    7.8956   -0.9960
    7.9510   -0.4574
    7.9615   -0.1859
    7.9632   -0.7323
    8.0133   -0.8543
    8.0285   -0.5471
    8.0707   -0.9503
    8.3671   -0.4690
    8.4072   -0.2431
    8.4324   -0.4079
    8.6303   -0.9715
    8.6314   -0.5955
    8.7173   -0.5231
    8.7274    0.0573
    8.8123   -0.1808
    8.8264   -0.4457
    8.9101   -0.0636
    8.9132   -0.7080
    8.9657   -0.5124
    8.9841   -0.0284
    9.2408    0.0198
    9.2596   -0.1899
    9.3609   -0.2464
    9.3939   -0.5384
    9.4049   -0.1729
    9.4573   -0.5990
    9.4982   -0.2112
    9.5462   -0.2872
    9.6132   -0.0465
    9.6444   -0.4724
    9.6947   -0.1773
    9.7197   -0.1321
    9.7333   -0.5942
    9.7899   -0.3006
    9.8049    0.0953
    9.9412   -0.2999
   10.0626   -0.4053
   10.0901   -0.1934
   10.1135   -0.3920
   10.1696   -0.1908
   10.3268   -0.3367
   10.3439   -0.3034
   10.4416   -0.1647
   10.4660    0.0840
   10.4805   -0.1642
   10.4902    0.1642
   10.5478   -0.8384
   10.5497   -0.4058
   10.5845   -0.2156
   10.7498   -0.4969
   11.0262   -0.5983
   11.0648   -0.0773
   11.1773   -0.0710
   11.2673   -0.1537
   11.3021   -0.1224
   11.3379   -0.4668
   11.4336   -0.3587
   11.5077   -0.2471
   11.5256   -0.4051
   11.6199   -0.1202
   11.6516    0.4385
   11.6676   -0.3403
   11.8970   -0.0178
   11.9305   -0.4765
   11.9955    0.1772
   12.0828   -0.4504
   12.0858   -0.1276
   12.1570   -0.3504
   12.2157   -0.0378
   12.3015   -0.1705
   12.3803   -0.1817
   12.5129    0.6445
   12.5328   -0.3348
   12.5400   -0.1747
   12.6729    0.5791
   12.7245   -0.4673
   12.9788    0.0093
   13.1159   -0.4312
   13.1355    0.1467
   13.2528   -0.0412
   13.2541    0.0478
   13.2812   -0.2061
   13.2955   -0.0620
   13.3426    0.2759
   13.4198   -0.7475
   13.4767   -0.5696
   13.5888   -0.0044
   13.5914   -0.2974
   13.7431   -0.1939
   13.7512   -0.5224
   13.8394   -0.3572
   13.8425   -0.2200
   13.8441   -0.3080
   13.8956   -0.3448
   14.1401   -0.2152
   14.2193   -0.3554
   14.2273    0.2705
   14.4243   -0.3619
   14.5533    0.4102
   14.6771   -0.1868
   14.7277   -0.4805
   14.7910   -0.2508
   14.8605    0.1764
   15.0030    0.2131
   15.1597   -0.0285
   15.2074    0.0075
   15.2132    0.1022
   15.3128   -0.4685
   15.3540   -0.2273
   15.3738   -0.5688
   15.4609   -0.1887
   15.4879    0.1948
   15.5005    0.1316
   15.5156    0.5620
   15.5288   -0.0186
   15.5779   -0.6539
   15.6589    0.4010
   15.7307    0.2909
   15.8223   -0.2181
   15.9171    0.0042
   15.9799    0.1579
   16.0335    0.0507
   16.1090    0.1374
   16.1494   -0.0835
   16.1728   -0.0629
   16.2153   -0.0274
   16.2928   -0.2665
   16.4184    0.3415
   16.7096   -0.0421
   16.7330    0.1445
   16.7616   -0.2772
   16.7914   -0.3371
   16.8193   -0.0672
   16.9046   -0.1103
   16.9169    0.2863
   17.0628    0.1270
   17.0875    0.1093
   17.5093   -0.4294
   17.6815   -0.2968
   17.7192    0.0239
   17.7915   -0.1259
   17.8004    0.3228
   17.8177    0.3369
   17.8191   -0.1894
   17.8867    0.2100
   17.9908    0.3535